 match_id | period | minutes_remaining_in_period | current_lead_hometeam | winn_pct 
----------+--------+-----------------------------+-----------------------+----------
   104721 |      1 |                          10 |                     0 |      0.5
   104721 |      1 |                           9 |                     2 |     1.48
   104721 |      1 |                           8 |                     4 |     1.46
   104721 |      1 |                           7 |                     4 |     1.46
   104721 |      1 |                           6 |                     3 |     1.47
   104721 |      1 |                           5 |                     5 |     1.45
   104721 |      1 |                           4 |                     7 |     1.43
   104721 |      1 |                           3 |                     6 |     1.44
   104721 |      1 |                           2 |                     8 |     1.42
   104721 |      1 |                           1 |                     8 |     1.42
   104721 |      1 |                           0 |                     6 |     1.44
   104721 |      2 |                          10 |                     6 |     1.44
   104721 |      2 |                           9 |                     6 |     1.44
   104721 |      2 |                           8 |                     6 |     1.44
   104721 |      2 |                           7 |                     8 |     1.42
   104721 |      2 |                           6 |                    11 |     1.39
   104721 |      2 |                           5 |                    11 |     1.39
   104721 |      2 |                           4 |                    11 |     1.39
   104721 |      2 |                           3 |                    11 |     1.39
   104721 |      2 |                           2 |                     8 |     1.42
   104721 |      2 |                           1 |                     8 |     1.42
   104721 |      2 |                           0 |                     3 |     1.47
   104721 |      3 |                          10 |                     3 |     1.47
   104721 |      3 |                           9 |                     5 |     1.45
   104721 |      3 |                           8 |                     3 |     1.47
   104721 |      3 |                           7 |                     3 |     1.47
   104721 |      3 |                           6 |                     6 |     1.44
   104721 |      3 |                           5 |                     6 |     1.44
   104721 |      3 |                           4 |                     7 |     1.43
   104721 |      3 |                           3 |                     4 |     1.46
   104721 |      3 |                           2 |                     6 |     1.44
   104721 |      3 |                           1 |                     6 |     1.44
   104721 |      3 |                           0 |                     6 |     1.44
   104721 |      4 |                          10 |                     6 |     1.44
   104721 |      4 |                           9 |                     8 |     1.42
   104721 |      4 |                           8 |                     6 |     1.44
   104721 |      4 |                           7 |                     6 |     1.44
   104721 |      4 |                           6 |                     7 |     1.43
   104721 |      4 |                           5 |                     6 |     1.44
   104721 |      4 |                           4 |                     6 |     1.44
   104721 |      4 |                           3 |                     4 |     1.46
   104721 |      4 |                           2 |                     1 |     1.49
   104721 |      4 |                           1 |                     1 |     1.49
   104721 |      4 |                           0 |                     3 |     1.47
(44 rows)

